0 0 73 21
0 1 64 23
0 2 67 27
0 3 69 20
0 4 73 21
0 5 64 24
0 6 73 13
0 7 73 16
0 8 68 26
0 9 64 25
0 10 64 29
0 11 69 23
0 12 67 21
0 13 69 17
0 14 66 27
0 15 73 14
0 16 73 18
0 17 72 13
0 18 67 27
0 19 65 28
0 20 67 20
0 21 67 18
0 22 68 22
0 23 70 18
0 24 73 17
0 25 72 20
0 26 69 18
0 27 71 18
0 28 71 17
0 29 68 22
0 30 64 22
1 0 71 23
1 1 67 21
1 2 73 21
1 3 72 19
1 4 67 25
1 5 72 15
1 6 70 18
1 7 73 20
1 8 72 15
1 9 73 17
1 10 73 12
1 11 67 19
1 12 65 25
1 13 69 18
1 14 67 21
1 15 67 21
1 16 65 25
1 17 68 22
1 18 69 19
1 19 65 23
1 20 68 25
1 21 69 19
1 22 68 17
1 23 66 28
1 24 69 17
1 25 69 24
1 26 66 24
1 27 70 24
1 28 70 15
1 29 68 24
1 30 70 22
2 0 69 19
2 1 73 21
2 2 68 18
2 3 69 20
2 4 71 20
2 5 70 18
2 6 69 18
2 7 70 24
2 8 66 21
2 9 64 21
2 10 72 21
2 11 72 13
2 12 69 16
2 13 71 17
2 14 73 16
2 15 70 17
2 16 67 22
2 17 70 20
2 18 68 17
2 19 64 28
2 20 72 17
2 21 64 24
2 22 69 22
2 23 71 14
2 24 67 19
2 25 67 18
2 26 71 22
2 27 71 18
2 28 73 14
2 29 67 24
2 30 69 21
3 0 69 18
3 1 73 13
3 2 64 21
3 3 64 24
3 4 72 14
3 5 66 28
3 6 69 24
3 7 67 18
3 8 66 21
3 9 71 15
3 10 68 22
3 11 70 19
3 12 71 15
3 13 72 13
3 14 65 29
3 15 70 18
3 16 70 23
3 17 72 17
3 18 64 29
3 19 73 21
3 20 68 22
3 21 70 22
3 22 66 23
3 23 67 26
3 24 70 18
3 25 69 24
3 26 64 30
3 27 68 18
3 28 64 21
3 29 73 18
3 30 66 19
4 0 66 22
4 1 67 20
4 2 71 16
4 3 72 21
4 4 67 23
4 5 68 19
4 6 65 29
4 7 73 13
4 8 73 12
4 9 64 21
4 10 68 17
4 11 70 16
4 12 70 21
4 13 66 25
4 14 69 21
4 15 65 21
4 16 67 27
4 17 71 23
4 18 66 26
4 19 69 17
4 20 69 24
4 21 68 24
4 22 64 29
4 23 70 18
4 24 66 20
4 25 72 19
4 26 70 17
4 27 73 18
4 28 70 22
4 29 71 19
4 30 66 20
5 0 71 20
5 1 69 17
5 2 67 19
5 3 69 20
5 4 72 16
5 5 67 18
5 6 65 26
5 7 69 20
5 8 70 22
5 9 73 13
5 10 70 22
5 11 70 24
5 12 73 15
5 13 68 18
5 14 65 28
5 15 494 9
5 16 66 28
5 17 70 24
5 18 71 15
5 19 69 21
5 20 69 25
5 21 66 24
5 22 67 23
5 23 67 19
5 24 73 16
5 25 72 17
5 26 71 14
5 27 65 24
5 28 70 19
5 29 71 15
5 30 65 21
6 0 65 27
6 1 73 14
6 2 73 14
6 3 71 15
6 4 68 21
6 5 66 28
6 6 71 14
6 7 69 19
6 8 71 14
6 9 70 18
6 10 69 25
6 11 70 21
6 12 70 17
6 13 65 24
6 14 69 17
6 15 494 9
6 16 65 27
6 17 72 21
6 18 72 13
6 19 67 18
6 20 73 19
6 21 72 16
6 22 71 18
6 23 73 14
6 24 68 17
6 25 65 24
6 26 72 14
6 27 67 26
6 28 64 23
6 29 71 15
6 30 64 24
7 0 68 25
7 1 67 25
7 2 70 16
7 3 67 21
7 4 70 22
7 5 73 19
7 6 68 21
7 7 65 27
7 8 65 25
7 9 69 19
7 10 68 20
7 11 70 15
7 12 73 17
7 13 70 21
7 14 68 21
7 15 491 11
7 16 70 21
7 17 64 23
7 18 68 22
7 19 67 27
7 20 71 22
7 21 71 16
7 22 71 20
7 23 67 27
7 24 68 19
7 25 65 25
7 26 69 24
7 27 73 20
7 28 72 21
7 29 73 20
7 30 71 20
8 0 70 19
8 1 68 21
8 2 67 19
8 3 67 18
8 4 72 17
8 5 68 25
8 6 72 18
8 7 73 16
8 8 65 21
8 9 73 14
8 10 65 29
8 11 67 26
8 12 67 22
8 13 70 22
8 14 64 22
8 15 496 12
8 16 72 20
8 17 71 20
8 18 72 19
8 19 65 23
8 20 73 18
8 21 70 24
8 22 69 19
8 23 71 16
8 24 70 20
8 25 68 25
8 26 72 22
8 27 67 19
8 28 64 30
8 29 72 17
8 30 71 21
9 0 65 23
9 1 70 20
9 2 71 21
9 3 72 19
9 4 67 25
9 5 67 22
9 6 65 26
9 7 64 23
9 8 69 24
9 9 69 20
9 10 72 16
9 11 68 17
9 12 67 20
9 13 64 29
9 14 65 24
9 15 496 9
9 16 69 20
9 17 73 14
9 18 64 29
9 19 64 30
9 20 70 22
9 21 64 30
9 22 67 20
9 23 71 20
9 24 69 23
9 25 64 24
9 26 65 24
9 27 65 24
9 28 73 12
9 29 73 17
9 30 65 24
10 0 66 22
10 1 70 24
10 2 64 26
10 3 65 27
10 4 72 22
10 5 73 18
10 6 64 24
10 7 69 16
10 8 69 23
10 9 73 17
10 10 67 18
10 11 70 20
10 12 65 22
10 13 72 14
10 14 72 13
10 15 497 8
10 16 69 23
10 17 68 17
10 18 65 28
10 19 69 20
10 20 67 19
10 21 72 14
10 22 69 22
10 23 67 27
10 24 68 20
10 25 71 21
10 26 65 29
10 27 70 24
10 28 73 18
10 29 70 18
10 30 73 20
11 0 64 24
11 1 72 20
11 2 67 25
11 3 69 17
11 4 73 20
11 5 67 22
11 6 70 20
11 7 64 25
11 8 72 20
11 9 70 22
11 10 73 20
11 11 71 15
11 12 71 20
11 13 69 19
11 14 64 24
11 15 491 17
11 16 70 23
11 17 70 19
11 18 71 14
11 19 66 20
11 20 64 22
11 21 65 23
11 22 70 23
11 23 69 20
11 24 73 15
11 25 65 23
11 26 69 16
11 27 69 18
11 28 64 23
11 29 67 18
11 30 69 22
12 0 73 21
12 1 71 16
12 2 66 25
12 3 73 12
12 4 67 22
12 5 70 18
12 6 66 22
12 7 66 21
12 8 73 13
12 9 69 24
12 10 66 26
12 11 68 22
12 12 70 20
12 13 72 17
12 14 69 21
12 15 497 5
12 16 66 25
12 17 71 16
12 18 67 21
12 19 64 23
12 20 68 22
12 21 71 16
12 22 69 16
12 23 65 25
12 24 72 13
12 25 72 19
12 26 64 29
12 27 73 14
12 28 68 18
12 29 72 16
12 30 73 13
13 0 70 19
13 1 70 18
13 2 65 29
13 3 70 21
13 4 67 20
13 5 65 22
13 6 65 21
13 7 64 24
13 8 72 15
13 9 71 16
13 10 67 18
13 11 70 19
13 12 66 25
13 13 64 22
13 14 68 22
13 15 494 9
13 16 66 19
13 17 67 26
13 18 72 15
13 19 68 25
13 20 67 20
13 21 68 19
13 22 72 13
13 23 64 22
13 24 70 20
13 25 67 21
13 26 73 19
13 27 0 92
13 28 65 26
13 29 68 24
13 30 70 20
14 0 66 26
14 1 68 23
14 2 65 21
14 3 68 19
14 4 64 23
14 5 66 28
14 6 71 22
14 7 69 20
14 8 70 17
14 9 68 23
14 10 71 20
14 11 65 23
14 12 66 22
14 13 72 19
14 14 68 25
14 15 490 15
14 16 67 25
14 17 69 21
14 18 67 20
14 19 69 20
14 20 64 29
14 21 65 22
14 22 69 25
14 23 73 16
14 24 64 24
14 25 65 20
14 26 73 17
14 27 69 20
14 28 73 15
14 29 73 16
14 30 64 30
15 0 69 25
15 1 64 25
15 2 67 19
15 3 73 20
15 4 70 23
15 5 72 14
15 6 69 25
15 7 64 29
15 8 71 14
15 9 65 24
15 10 72 15
15 11 72 13
15 12 67 25
15 13 70 24
15 14 64 30
15 15 496 13
15 16 67 27
15 17 70 19
15 18 71 21
15 19 69 21
15 20 66 20
15 21 64 23
15 22 73 12
15 23 72 15
15 24 65 23
15 25 70 18
15 26 72 16
15 27 66 25
15 28 69 19
15 29 65 21
15 30 69 21
16 0 64 25
16 1 67 20
16 2 73 14
16 3 68 18
16 4 69 22
16 5 70 24
16 6 71 19
16 7 71 14
16 8 68 23
16 9 64 22
16 10 72 19
16 11 73 14
16 12 65 20
16 13 73 12
16 14 69 21
16 15 495 12
16 16 71 16
16 17 72 21
16 18 70 20
16 19 67 22
16 20 73 16
16 21 66 27
16 22 69 22
16 23 67 23
16 24 68 18
16 25 73 14
16 26 66 20
16 27 67 23
16 28 72 19
16 29 68 19
16 30 70 17
17 0 68 21
17 1 69 16
17 2 65 23
17 3 66 20
17 4 65 21
17 5 65 27
17 6 64 24
17 7 68 17
17 8 68 23
17 9 69 21
17 10 71 21
17 11 66 21
17 12 73 20
17 13 72 15
17 14 71 19
17 15 495 8
17 16 68 21
17 17 72 17
17 18 66 21
17 19 66 23
17 20 64 26
17 21 71 23
17 22 69 17
17 23 73 12
17 24 69 18
17 25 70 23
17 26 70 15
17 27 73 16
17 28 72 19
17 29 66 20
17 30 66 23
18 0 72 20
18 1 66 19
18 2 70 15
18 3 67 26
18 4 64 25
18 5 69 19
18 6 73 21
18 7 64 27
18 8 72 22
18 9 65 29
18 10 68 21
18 11 65 25
18 12 68 20
18 13 68 25
18 14 67 19
18 15 499 5
18 16 66 26
18 17 69 25
18 18 70 19
18 19 65 25
18 20 69 17
18 21 72 13
18 22 72 15
18 23 71 14
18 24 64 29
18 25 67 19
18 26 69 20
18 27 70 19
18 28 64 26
18 29 71 15
18 30 72 18
19 0 69 21
19 1 66 22
19 2 71 21
19 3 65 25
19 4 64 21
19 5 69 17
19 6 64 27
19 7 70 18
19 8 68 20
19 9 68 18
19 10 67 19
19 11 64 24
19 12 69 20
19 13 69 20
19 14 73 12
19 15 499 2
19 16 72 18
19 17 70 17
19 18 71 14
19 19 72 13
19 20 69 24
19 21 70 16
19 22 71 16
19 23 68 18
19 24 72 19
19 25 73 21
19 26 70 17
19 27 67 19
19 28 71 22
19 29 65 22
19 30 71 14
20 0 69 18
20 1 70 24
20 2 68 26
20 3 64 21
20 4 64 25
20 5 71 19
20 6 71 14
20 7 68 18
20 8 67 25
20 9 68 23
20 10 69 22
20 11 70 16
20 12 72 14
20 13 71 22
20 14 71 22
20 15 497 12
20 16 69 23
20 17 72 21
20 18 65 20
20 19 70 21
20 20 71 18
20 21 69 20
20 22 72 20
20 23 71 15
20 24 67 26
20 25 72 20
20 26 65 20
20 27 72 17
20 28 70 21
20 29 73 15
20 30 70 19
21 0 67 23
21 1 71 16
21 2 64 24
21 3 64 24
21 4 64 21
21 5 70 19
21 6 66 21
21 7 67 25
21 8 68 18
21 9 73 20
21 10 66 24
21 11 66 23
21 12 71 15
21 13 71 23
21 14 64 25
21 15 499 2
21 16 72 18
21 17 70 20
21 18 65 21
21 19 70 20
21 20 65 29
21 21 73 17
21 22 67 18
21 23 67 27
21 24 67 21
21 25 73 20
21 26 68 20
21 27 64 28
21 28 67 19
21 29 67 26
21 30 72 18
22 0 69 22
22 1 73 15
22 2 66 21
22 3 71 15
22 4 71 14
22 5 64 27
22 6 67 22
22 7 71 20
22 8 70 15
22 9 71 18
22 10 69 17
22 11 71 22
22 12 67 21
22 13 72 21
22 14 66 21
22 15 499 8
22 16 72 20
22 17 67 24
22 18 69 21
22 19 73 14
22 20 68 24
22 21 64 25
22 22 64 25
22 23 72 14
22 24 73 21
22 25 71 16
22 26 72 13
22 27 71 15
22 28 68 21
22 29 70 21
22 30 67 26
23 0 67 23
23 1 70 24
23 2 66 27
23 3 64 30
23 4 71 22
23 5 73 21
23 6 73 18
23 7 73 20
23 8 65 22
23 9 65 24
23 10 72 22
23 11 70 22
23 12 68 18
23 13 68 23
23 14 65 25
23 15 499 9
23 16 67 18
23 17 66 27
23 18 68 22
23 19 65 29
23 20 71 16
23 21 70 23
23 22 66 23
23 23 66 28
23 24 70 19
23 25 69 17
23 26 68 26
23 27 71 22
23 28 72 20
23 29 68 23
23 30 71 17
24 0 66 24
24 1 67 19
24 2 70 15
24 3 70 19
24 4 69 18
24 5 70 21
24 6 66 25
24 7 72 15
24 8 65 29
24 9 72 14
24 10 73 14
24 11 72 13
24 12 72 17
24 13 66 26
24 14 73 17
24 15 498 3
24 16 66 20
24 17 65 25
24 18 65 23
24 19 69 22
24 20 71 16
24 21 64 21
24 22 73 17
24 23 68 17
24 24 71 20
24 25 66 27
24 26 64 22
24 27 71 23
24 28 71 19
24 29 71 19
24 30 69 16
25 0 67 22
25 1 65 27
25 2 73 20
25 3 71 23
25 4 72 20
25 5 68 18
25 6 66 28
25 7 68 26
25 8 71 22
25 9 69 17
25 10 70 17
25 11 70 22
25 12 68 17
25 13 67 23
25 14 65 23
25 15 492 17
25 16 67 27
25 17 71 18
25 18 72 18
25 19 67 21
25 20 70 21
25 21 68 21
25 22 66 23
25 23 69 24
25 24 73 20
25 25 73 14
25 26 73 21
25 27 69 19
25 28 67 22
25 29 73 16
25 30 69 20
26 0 64 25
26 1 69 17
26 2 73 12
26 3 70 16
26 4 67 21
26 5 70 16
26 6 65 25
26 7 68 20
26 8 73 14
26 9 68 26
26 10 65 21
26 11 73 17
26 12 68 17
26 13 69 20
26 14 72 14
26 15 491 18
26 16 73 12
26 17 71 23
26 18 67 26
26 19 71 20
26 20 73 18
26 21 67 23
26 22 65 21
26 23 70 22
26 24 73 19
26 25 64 25
26 26 66 27
26 27 64 24
26 28 70 21
26 29 68 21
26 30 72 14
27 0 65 28
27 1 71 18
27 2 68 21
27 3 72 22
27 4 65 20
27 5 67 21
27 6 67 20
27 7 71 22
27 8 64 30
27 9 72 22
27 10 66 19
27 11 66 19
27 12 72 16
27 13 69 20
27 14 69 24
27 15 498 4
27 16 66 24
27 17 66 20
27 18 71 16
27 19 72 13
27 20 72 17
27 21 72 18
27 22 65 21
27 23 72 20
27 24 72 20
27 25 73 13
27 26 64 30
27 27 65 25
27 28 69 22
27 29 65 21
27 30 73 18
28 0 67 25
28 1 67 21
28 2 73 18
28 3 64 26
28 4 72 22
28 5 72 18
28 6 65 23
28 7 72 18
28 8 64 26
28 9 67 24
28 10 71 15
28 11 73 12
28 12 67 19
28 13 66 20
28 14 72 22
28 15 494 9
28 16 72 19
28 17 72 14
28 18 67 22
28 19 72 19
28 20 72 19
28 21 69 17
28 22 67 24
28 23 66 23
28 24 71 21
28 25 68 23
28 26 73 16
28 27 68 22
28 28 71 18
28 29 71 14
28 30 73 16
29 0 70 17
29 1 68 17
29 2 68 19
29 3 65 20
29 4 65 26
29 5 64 22
29 6 69 19
29 7 68 22
29 8 64 23
29 9 72 15
29 10 71 23
29 11 64 25
29 12 73 17
29 13 70 17
29 14 68 25
29 15 494 7
29 16 72 14
29 17 68 20
29 18 64 21
29 19 65 29
29 20 72 21
29 21 72 17
29 22 64 21
29 23 65 27
29 24 68 25
29 25 72 18
29 26 73 16
29 27 69 24
29 28 68 21
29 29 71 17
29 30 66 23
30 0 67 21
30 1 70 24
30 2 66 27
30 3 72 16
30 4 72 16
30 5 69 17
30 6 70 24
30 7 64 27
30 8 69 17
30 9 68 22
30 10 73 14
30 11 65 29
30 12 70 16
30 13 68 21
30 14 67 25
30 15 494 9
30 16 73 21
30 17 66 20
30 18 70 22
30 19 71 18
30 20 66 23
30 21 68 17
30 22 69 23
30 23 73 21
30 24 70 15
30 25 66 22
30 26 69 16
30 27 70 17
30 28 66 21
30 29 65 29
30 30 72 13
